 ID 	Pos.X	Pos.Y	Bkg.Mean	Spot.Mean	Bkg.Median	Spot.Median	Bkg.StdDev	Spot.StdDev	Bkg.Sum	Spot.Sum	Bkg.Area	Spot.Area	Spot.Sat. (%)	Found	Pos.Nom.X	Pos.Nom.Y	Dia.	Rect.	Contour
1	251	251	0.00103379301422761	0.0689306007063895	0.000869764248111696	0.0661783779659724	0.000825132187713748	0.0194555418137417	45189	3004049	667	665	0	True	251	251	29	{X=0,Y=0,Width=0,Height=0}
2	296	251	0.00104566622616822	0.000932658953403192	0.000885023270008392	0.000793469138628214	0.000751589053569735	0.000682596875501751	45708	40646	667	665	0	False	296	251	29	{X=0,Y=0,Width=0,Height=0}
3	339	251	0.000973992289732909	0.000927037208493883	0.000885023270008392	0.000823987182421607	0.000677076062954833	0.000636631203129993	42575	40401	667	665	0	True	340	251	29	{X=0,Y=0,Width=0,Height=0}
4	384	251	0.000942467653790409	0.00108701600648451	0.000823987182421607	0.000991836423285267	0.000675613398123891	0.000651070666696212	41197	47373	667	665	0	True	385	251	29	{X=0,Y=0,Width=0,Height=0}
5	427	250	0.00102480231616854	0.000928712259017881	0.000854505226215	0.000686655985351339	0.000844709531250688	0.000816883391581701	44796	40474	667	665	0	True	430	251	29	{X=0,Y=0,Width=0,Height=0}
6	472	250	0.00104237192458932	0.00104663122672784	0.000854505226215	0.000869764248111696	0.000875750318197084	0.000830456905427544	45564	45613	667	665	0	True	474	251	29	{X=0,Y=0,Width=0,Height=0}
7	516	249	0.00102155376877823	0.000934356949824779	0.00080872816052491	0.000701915007248035	0.000894119310707693	0.00087014978903806	44654	40720	667	665	0	True	519	250	29	{X=0,Y=0,Width=0,Height=0}
8	560	249	0.00104335563964413	0.00103557130408993	0.000778210116731518	0.000915541313801785	0.000889510898996355	0.000767265366194741	45607	45131	667	665	0	True	563	250	29	{X=0,Y=0,Width=0,Height=0}
9	608	250	0.00125320722563873	0.0010272878350603	0.000778210116731518	0.000564583810177768	0.00156780090183699	0.00108134198740696	54780	44770	667	665	0	False	608	250	29	{X=0,Y=0,Width=0,Height=0}
10	647	250	0.00124229485165863	0.0720492464854055	0.000946059357595178	0.0686655985351339	0.0010923967889159	0.0197510523043986	54303	3139962	667	665	0	True	653	250	29	{X=0,Y=0,Width=0,Height=0}
11	251	295	0.000912178380939995	0.000885367458472228	0.000717174029144732	0.000717174029144732	0.00076861970759329	0.000742376813131298	39873	38585	667	665	0	False	251	295	29	{X=0,Y=0,Width=0,Height=0}
12	296	295	0.000915243911575913	0.000935251839830751	0.00080872816052491	0.000823987182421607	0.000638284402015806	0.000660966668442624	40007	40759	667	665	0	False	296	295	29	{X=0,Y=0,Width=0,Height=0}
13	340	295	0.000922152794053877	0.000964163670792913	0.00080872816052491	0.00080872816052491	0.000697504716661403	0.000686774752784065	40309	42019	667	665	0	True	341	294	29	{X=0,Y=0,Width=0,Height=0}
14	384	295	0.000998699551574636	0.000895371869821039	0.000885023270008392	0.000793469138628214	0.000720613425087434	0.000643232326161204	43655	39021	667	665	0	True	385	294	29	{X=0,Y=0,Width=0,Height=0}
15	428	295	0.00101739013761602	0.00103586960075859	0.000778210116731518	0.00080872816052491	0.000904951342486734	0.00087840022023937	44472	45144	667	665	0	True	430	294	29	{X=0,Y=0,Width=0,Height=0}
16	473	294	0.00106124552738508	0.000946747734522849	0.00080872816052491	0.000625619897764553	0.00093757098907065	0.000969024565841895	46389	41260	667	665	0	True	474	294	29	{X=0,Y=0,Width=0,Height=0}
17	516	294	0.000940797625906662	0.000935779595475298	0.000747692072938125	0.000717174029144732	0.000806042265326811	0.000857233928535593	41124	40782	667	665	0	True	519	294	29	{X=0,Y=0,Width=0,Height=0}
18	560	293	0.0010555720079992	0.000996609169983783	0.000869764248111696	0.000778210116731518	0.000926824379085384	0.000839022126770383	46141	43433	667	665	0	True	564	294	29	{X=0,Y=0,Width=0,Height=0}
19	608	294	0.00115481284306348	0.000977426399599365	0.000839246204318303	0.000625619897764553	0.00111335125770366	0.00102031709160406	50479	42597	667	665	0	False	608	294	29	{X=0,Y=0,Width=0,Height=0}
20	653	293	0.00107574960516995	0.00105502942524542	0.000717174029144732	0.000656137941557946	0.00103704859893363	0.00105566748772108	47023	45979	667	665	0	False	653	293	29	{X=0,Y=0,Width=0,Height=0}
21	251	339	0.00082275181932952	0.000922172678205011	0.000625619897764553	0.000762951094834821	0.000726253912268769	0.000773543598220647	35964	40189	667	665	0	True	251	338	29	{X=0,Y=0,Width=0,Height=0}
22	296	339	0.000910851509470717	0.000890782690303236	0.00080872816052491	0.000747692072938125	0.000666040552773588	0.000664372740299443	39815	38821	667	665	0	True	296	338	29	{X=0,Y=0,Width=0,Height=0}
23	340	340	0.000937114413724701	0.00104858162802291	0.00080872816052491	0.000915541313801785	0.000686792419202058	0.000750279875854605	40963	45698	667	665	0	True	341	338	29	{X=0,Y=0,Width=0,Height=0}
24	383	340	0.000990852708230458	0.00100161137565819	0.000869764248111696	0.000885023270008392	0.000729481254797489	0.000706218413419705	43312	43651	667	665	0	True	385	338	29	{X=0,Y=0,Width=0,Height=0}
25	428	340	0.000970240446268054	0.00102524565017488	0.000762951094834821	0.000793469138628214	0.000839574938689185	0.000907980806897496	42411	44681	667	665	0	True	430	338	29	{X=0,Y=0,Width=0,Height=0}
26	474	337	0.00100222262409651	0.0010703343389373	0.000762951094834821	0.000900282291905089	0.000891375487648133	0.000863615788557295	43809	46646	667	665	0	False	474	337	29	{X=0,Y=0,Width=0,Height=0}
27	516	337	0.000972482401509248	0.000978344235502925	0.000701915007248035	0.000762951094834821	0.000893559233759255	0.000894852843436356	42509	42637	667	665	0	True	519	337	29	{X=0,Y=0,Width=0,Height=0}
28	560	337	0.00100592871337277	0.00102432781427132	0.000701915007248035	0.000839246204318303	0.00094579496114852	0.000834183646484447	43971	44641	667	665	0	True	564	337	29	{X=0,Y=0,Width=0,Height=0}
29	604	338	0.000998036115839997	0.000969464173135976	0.000534065766384375	0.000473029678797589	0.00112578522963889	0.00114289964311974	43626	42250	667	665	0	True	608	337	29	{X=0,Y=0,Width=0,Height=0}
30	648	337	0.0010545196616615	0.00110149486786318	0.000762951094834821	0.000778210116731518	0.00100648385663606	0.00105188135990801	46095	48004	667	665	0	True	653	337	29	{X=0,Y=0,Width=0,Height=0}
31	252	383	0.000834693662553022	0.000782615729068609	0.000671396963454643	0.000625619897764553	0.000744842559958695	0.000713605992149311	36486	34107	667	665	0	True	252	382	29	{X=0,Y=0,Width=0,Height=0}
32	296	383	0.000925790252047243	0.000969280605955264	0.000793469138628214	0.000839246204318303	0.000709955287763354	0.000725783436545691	40468	42242	667	665	0	True	296	381	29	{X=0,Y=0,Width=0,Height=0}
33	340	383	0.000892481202749506	0.00103472230587914	0.000732433051041428	0.000885023270008392	0.000725803161514493	0.00078325784414926	39012	45094	667	665	0	True	341	381	29	{X=0,Y=0,Width=0,Height=0}
34	384	384	0.000898497878549853	0.000949822484799777	0.000732433051041428	0.00080872816052491	0.000746470623945261	0.000718937366293445	39275	41394	667	665	0	True	385	381	29	{X=0,Y=0,Width=0,Height=0}
35	429	383	0.00101453050082878	0.00104289104542083	0.000762951094834821	0.000778210116731518	0.00085069887350308	0.000908546006710553	44347	45450	667	665	0	True	430	381	29	{X=0,Y=0,Width=0,Height=0}
36	473	382	0.00100894848982009	0.00105769114936575	0.000701915007248035	0.000762951094834821	0.000966071991179275	0.000979636190340301	44103	46095	667	665	0	True	475	381	29	{X=0,Y=0,Width=0,Height=0}
37	517	381	0.00103907762301042	0.00113719868451169	0.000778210116731518	0.000839246204318303	0.000962148288943894	0.00100866215960404	45420	49560	667	665	0	True	519	381	29	{X=0,Y=0,Width=0,Height=0}
38	561	381	0.00101796206497346	0.00102244625066902	0.000747692072938125	0.000762951094834821	0.0009507759142471	0.000915075006297532	44497	44559	667	665	0	True	564	381	29	{X=0,Y=0,Width=0,Height=0}
39	605	382	0.000935993436104104	0.00101083562648897	0.000457770656900893	0.000534065766384375	0.00107785768922419	0.00112286300603627	40914	44053	667	665	0	True	608	380	29	{X=0,Y=0,Width=0,Height=0}
40	649	382	0.000899161314284492	0.000924673781042214	0.000457770656900893	0.000564583810177768	0.000995771291651058	0.000941119718422609	39304	40298	667	665	0	True	653	380	29	{X=0,Y=0,Width=0,Height=0}
41	252	427	0.000919018632135065	0.000924627889247036	0.000762951094834821	0.000747692072938125	0.000782118199338288	0.000862937659850076	40172	40296	667	665	0	True	252	425	29	{X=0,Y=0,Width=0,Height=0}
42	296	427	0.000883193102464561	0.000888327479261211	0.000762951094834821	0.000762951094834821	0.000741620727899847	0.000734210830217869	38606	38714	667	665	0	True	296	425	29	{X=0,Y=0,Width=0,Height=0}
43	340	428	0.000944778240314496	0.000979330909099253	0.000839246204318303	0.000854505226215	0.000730671612551966	0.000697068248510828	41298	42680	667	665	0	True	341	425	29	{X=0,Y=0,Width=0,Height=0}
44	385	428	0.00102640371276939	0.0010143234029225	0.000915541313801785	0.000885023270008392	0.000798897961645723	0.00079501378917305	44866	44205	667	665	0	True	386	425	29	{X=0,Y=0,Width=0,Height=0}
45	429	428	0.00102022689730896	0.00102719605146994	0.000747692072938125	0.000686655985351339	0.000922136291739647	0.00093154052640763	44596	44766	667	665	0	True	430	424	29	{X=0,Y=0,Width=0,Height=0}
46	473	426	0.000977217960028912	0.00108033875028611	0.000686655985351339	0.000854505226215	0.000907236788102806	0.000907386816689698	42716	47082	667	665	0	True	475	424	29	{X=0,Y=0,Width=0,Height=0}
47	517	425	0.00102555726028037	0.00104936178854093	0.000732433051041428	0.000778210116731518	0.00095539267194082	0.000951696836980814	44829	45732	667	665	0	True	519	424	29	{X=0,Y=0,Width=0,Height=0}
48	561	425	0.000986872093822624	0.00111113214485057	0.000686655985351339	0.000839246204318303	0.000952531070099826	0.00095667427270405	43138	48424	667	665	0	True	564	424	29	{X=0,Y=0,Width=0,Height=0}
49	605	426	0.000968959328987372	0.000977885317551145	0.000610360875867857	0.000625619897764553	0.00101952193551983	0.00096391524572006	42355	42617	667	665	0	True	609	424	29	{X=0,Y=0,Width=0,Height=0}
50	649	426	0.00098300586488628	0.00096003340922689	0.00064087891966125	0.000534065766384375	0.00100619497066572	0.00102929316564449	42969	41839	667	665	0	True	653	424	29	{X=0,Y=0,Width=0,Height=0}
51	253	471	0.000910439721773354	0.000898790808561803	0.000762951094834821	0.000747692072938125	0.000766136359432317	0.000742333889428644	39797	39170	667	665	0	True	252	468	29	{X=0,Y=0,Width=0,Height=0}
52	298	471	0.000877176426664214	0.000894981789562026	0.000732433051041428	0.000778210116731518	0.000769985087558274	0.000787487889120639	38343	39004	667	665	0	True	296	468	29	{X=0,Y=0,Width=0,Height=0}
53	342	471	0.00095397483222225	0.00103391919946352	0.000823987182421607	0.000900282291905089	0.000769297007326156	0.000813442792864359	41700	45059	667	665	0	True	341	468	29	{X=0,Y=0,Width=0,Height=0}
54	386	472	0.00095571349138889	0.000939680398065431	0.000793469138628214	0.000717174029144732	0.000854241896327261	0.000824348242733874	41776	40952	667	665	0	True	386	468	29	{X=0,Y=0,Width=0,Height=0}
55	430	471	0.00102105047270368	0.00107634616410562	0.000701915007248035	0.000732433051041428	0.00101452977320001	0.00109895408891494	44632	46908	667	665	0	True	430	468	29	{X=0,Y=0,Width=0,Height=0}
56	474	471	0.000959213686816468	0.00107928323899701	0.000671396963454643	0.000747692072938125	0.000965506352393018	0.00106949345710113	41929	47036	667	665	0	True	475	468	29	{X=0,Y=0,Width=0,Height=0}
57	518	469	0.000957269133801147	0.000989748346604667	0.000579842832074464	0.000701915007248035	0.000982157772227803	0.000944240543483889	41844	43134	667	665	0	True	520	468	29	{X=0,Y=0,Width=0,Height=0}
58	563	470	0.00101153360147576	0.00100879344160355	0.000656137941557946	0.000671396963454643	0.00105666965607513	0.00102530727244509	44216	43964	667	665	0	True	564	467	29	{X=0,Y=0,Width=0,Height=0}
59	607	471	0.000965596396125581	0.00095138280583583	0.000579842832074464	0.000595101853971161	0.00100917763389721	0.000946929987267689	42208	41462	667	665	0	True	609	467	29	{X=0,Y=0,Width=0,Height=0}
60	651	471	0.000931784050753291	0.000971873492382823	0.000503547722590982	0.000579842832074464	0.000983681747856485	0.000971957179952482	40730	42355	667	665	0	True	653	467	29	{X=0,Y=0,Width=0,Height=0}
61	254	515	0.000935810419349721	0.000905468064760207	0.00080872816052491	0.000747692072938125	0.000761850620862966	0.000763627055503986	40906	39461	667	665	0	True	252	512	29	{X=0,Y=0,Width=0,Height=0}
62	298	515	0.000876261342892298	0.000914623477898225	0.000686655985351339	0.000793469138628214	0.000822742634472209	0.000793349015259817	38303	39860	667	665	0	True	297	512	29	{X=0,Y=0,Width=0,Height=0}
63	342	516	0.000988862401026541	0.00099387860817069	0.000869764248111696	0.000854505226215	0.000835738608808053	0.000850840177228774	43225	43314	667	665	0	True	341	512	29	{X=0,Y=0,Width=0,Height=0}
64	387	515	0.000931440894338823	0.000928758150813059	0.000747692072938125	0.000686655985351339	0.000824956944684526	0.00080870047100287	40715	40476	667	665	0	True	386	511	29	{X=0,Y=0,Width=0,Height=0}
65	431	515	0.000945944972123689	0.000954526393805525	0.000595101853971161	0.000473029678797589	0.00098290901619859	0.00105033163643121	41349	41599	667	665	0	True	430	511	29	{X=0,Y=0,Width=0,Height=0}
66	476	513	0.00092766617377967	0.000997205763321097	0.000518806744487678	0.000701915007248035	0.00099665387793334	0.000929232800306423	40550	43459	667	665	0	True	475	511	29	{X=0,Y=0,Width=0,Height=0}
67	519	512	0.000887997292267119	0.000932108251861056	0.000549324788281071	0.000625619897764553	0.000918264720481269	0.000871684172928902	38816	40622	667	665	0	True	520	511	29	{X=0,Y=0,Width=0,Height=0}
68	564	512	0.000841396651182305	0.000905972874507165	0.000503547722590982	0.000610360875867857	0.000896125690409347	0.000867486504502155	36779	39483	667	665	0	True	564	511	29	{X=0,Y=0,Width=0,Height=0}
69	608	513	0.000935467262935252	0.000937018673945105	0.000610360875867857	0.000595101853971161	0.000953233937267151	0.00095243507214448	40891	40836	667	665	0	True	609	511	29	{X=0,Y=0,Width=0,Height=0}
70	652	512	0.000889850336905248	0.000973135516750218	0.000473029678797589	0.000518806744487678	0.000997846373560171	0.00105599503489399	38897	42410	667	665	0	True	653	511	29	{X=0,Y=0,Width=0,Height=0}
71	255	557	0.000936588240555849	0.00095909262742574	0.000793469138628214	0.00080872816052491	0.000704237921789441	0.000722587830999919	40940	41798	667	665	0	True	252	555	29	{X=0,Y=0,Width=0,Height=0}
72	298	556	0.00092766617377967	0.000973663272394766	0.000762951094834821	0.000869764248111696	0.000770699763709986	0.00074898663351602	40550	42433	667	665	0	True	297	555	29	{X=0,Y=0,Width=0,Height=0}
73	343	557	0.000996114439918974	0.00102051879527154	0.000885023270008392	0.000885023270008392	0.000745412928941487	0.000756194906519459	43542	44475	667	665	0	True	341	555	29	{X=0,Y=0,Width=0,Height=0}
74	387	557	0.00100160494255047	0.00103811829872232	0.000854505226215	0.000900282291905089	0.000805321935218196	0.000763810914496078	43782	45242	667	665	0	True	386	555	29	{X=0,Y=0,Width=0,Height=0}
75	431	556	0.00100645488654162	0.00102047290347636	0.000701915007248035	0.000656137941557946	0.000976806650254711	0.00107188574957577	43994	44473	667	665	0	True	431	555	29	{X=0,Y=0,Width=0,Height=0}
76	476	555	0.000922473073374048	0.000943259958089318	0.000457770656900893	0.000549324788281071	0.00105600571676975	0.00101539437046427	40323	41108	667	665	0	True	475	555	29	{X=0,Y=0,Width=0,Height=0}
77	520	554	0.000971704580303119	0.000975177701635641	0.000610360875867857	0.000473029678797589	0.00102077985338499	0.00109708709348789	42475	42499	667	665	0	True	520	554	29	{X=0,Y=0,Width=0,Height=0}
78	563	553	0.000911972487091314	0.000955329500221141	0.000610360875867857	0.00064087891966125	0.000905957411201492	0.000921856532840928	39864	41634	667	665	0	True	564	554	29	{X=0,Y=0,Width=0,Height=0}
79	608	554	0.000984996172090197	0.000973869785473067	0.000778210116731518	0.000671396963454643	0.000846014235931979	0.000870771284230745	43056	42442	667	665	0	True	609	554	29	{X=0,Y=0,Width=0,Height=0}
80	652	554	0.000961181116926087	0.000993763878682745	0.000625619897764553	0.000656137941557946	0.00100540492483677	0.00101772542154862	42015	43309	667	665	0	True	654	554	29	{X=0,Y=0,Width=0,Height=0}
81	252	599	0.000996297456673357	0.00100319464259183	0.000885023270008392	0.000930800335698482	0.000705829995242107	0.000645285374865019	43550	43720	667	665	0	False	252	599	29	{X=0,Y=0,Width=0,Height=0}
82	297	599	0.000990052009930032	0.000969946036985345	0.000869764248111696	0.000885023270008392	0.000782341670538373	0.000799085875616745	43277	42271	667	665	0	False	297	599	29	{X=0,Y=0,Width=0,Height=0}
83	343	599	0.000931898436224781	0.000955490121504264	0.000793469138628214	0.00080872816052491	0.00074769943692813	0.000845780784454552	40735	41641	667	665	0	True	342	598	29	{X=0,Y=0,Width=0,Height=0}
84	387	599	0.000906802263779989	0.0010552818301189	0.000762951094834821	0.000991836423285267	0.000741883054966424	0.000696956749605167	39638	45990	667	665	0	True	386	598	29	{X=0,Y=0,Width=0,Height=0}
85	431	598	0.00101345527739678	0.0010471360364748	0.000686655985351339	0.000610360875867857	0.000976692875976971	0.00108640633065492	44300	45635	667	665	0	False	431	598	29	{X=0,Y=0,Width=0,Height=0}
86	475	598	0.000958390111421744	0.00095324142354054	0.000534065766384375	0.000564583810177768	0.00105399793261408	0.00100293078937779	41893	41543	667	665	0	False	475	598	29	{X=0,Y=0,Width=0,Height=0}
87	520	598	0.000906550615742712	0.000937179295228228	0.000457770656900893	0.000442511635004196	0.00107091848448653	0.00109772462424165	39627	40843	667	665	0	False	520	598	29	{X=0,Y=0,Width=0,Height=0}
88	565	598	0.00101764178565329	0.00100372239823638	0.000686655985351339	0.00064087891966125	0.000986314956366831	0.00103243139559653	44483	43743	667	665	0	False	565	598	29	{X=0,Y=0,Width=0,Height=0}
89	609	598	0.00117752979770129	0.00101413983574179	0.000976577401388571	0.00080872816052491	0.000886505067936156	0.000816512278338776	51472	44197	667	665	0	False	609	598	29	{X=0,Y=0,Width=0,Height=0}
90	654	597	0.00110704547016947	0.000993672095092389	0.000885023270008392	0.000747692072938125	0.000893180619916944	0.00085337652107376	48391	43305	667	665	0	False	654	597	29	{X=0,Y=0,Width=0,Height=0}
91	252	648	0.00104248631006081	0.0732752687394843	0.000885023270008392	0.07177843900206	0.000778928390786312	0.0219056475540124	45569	3193393	667	665	0	True	252	642	29	{X=0,Y=0,Width=0,Height=0}
92	297	642	0.00096006013930549	0.000907372574260095	0.00080872816052491	0.000778210116731518	0.000740788545338315	0.000659464248012987	41966	39544	667	665	0	False	297	642	29	{X=0,Y=0,Width=0,Height=0}
93	342	642	0.000951298212189396	0.000900121670621966	0.000839246204318303	0.000793469138628214	0.000682144385726846	0.000663281105176191	41583	39228	667	665	0	False	342	642	29	{X=0,Y=0,Width=0,Height=0}
94	386	642	0.000929679358077885	0.00087690042226188	0.000793469138628214	0.000762951094834821	0.000676616929892469	0.000625468927691577	40638	38216	667	665	0	False	386	642	29	{X=0,Y=0,Width=0,Height=0}
95	431	642	0.00102342969051066	0.000962465674371325	0.000732433051041428	0.000701915007248035	0.000932941323645808	0.000868975123009187	44736	41945	667	665	0	False	431	642	29	{X=0,Y=0,Width=0,Height=0}
96	475	641	0.00103413617064208	0.000879447416894261	0.000717174029144732	0.000579842832074464	0.00100375076455592	0.000859653406319664	45204	38327	667	665	0	False	475	641	29	{X=0,Y=0,Width=0,Height=0}
97	520	641	0.000910005056981695	0.000915403638416251	0.000518806744487678	0.000579842832074464	0.000962245942759911	0.000915172947688285	39778	39894	667	665	0	False	520	641	29	{X=0,Y=0,Width=0,Height=0}
98	565	641	0.00102617494182641	0.00102639294505433	0.000793469138628214	0.000793469138628214	0.000908949414268215	0.00083967964877091	44856	44731	667	665	0	False	565	641	29	{X=0,Y=0,Width=0,Height=0}
99	609	641	0.00105133974555409	0.00104392361081234	0.000915541313801785	0.000915541313801785	0.000758551560076486	0.000778975116480026	45956	45495	667	665	0	False	609	641	29	{X=0,Y=0,Width=0,Height=0}
100	649	647	0.00110096016308623	0.076103557130409	0.000915541313801785	0.0730754558632792	0.000837069789226823	0.0234875942945147	48125	3316652	667	665	0	True	654	641	29	{X=0,Y=0,Width=0,Height=0}
